7.784520000000000068e-04	2.480599999999999797e-04
7.784520000000000068e-04	2.879016000000000020e+00
-9.614179999999999948e-01	3.598707000000000100e+00
-1.978374000000000077e+00	4.318399000000000321e+00
-2.940570999999999824e+00	4.979421000000000319e+00
-3.362149232554184408e+00	5.263476746600823652e+00
-3.785148724137173737e+00	5.542772695769548008e+00
-4.209556565629629432e+00	5.817329611555555502e+00
-4.635359847912209119e+00	6.087168258008230914e+00
-5.062545661865569535e+00	6.352309399176954585e+00
-5.491101098370370970e+00	6.612773799111112183e+00
-5.921013248307271049e+00	6.868582221860084047e+00
-6.352269202556927397e+00	7.119755431473251406e+00
-6.784856052000001192e+00	7.366314192000001704e+00
-7.218760887517146507e+00	7.608279267489711728e+00
-7.653970799989027185e+00	7.845671421991770700e+00
-8.090472880296296410e+00	8.078511419555557183e+00
-8.528254219319615359e+00	8.306820024230452404e+00
-8.967301907939644323e+00	8.530618000065844697e+00
-9.407603037037036486e+00	8.749926111111111737e+00
-9.849144697492455691e+00	8.964765121415638305e+00
-1.029191398018655512e+01	9.175155795028807404e+00
-1.073589797600000395e+01	9.381118896000002039e+00
-1.118108377581344293e+01	9.582675188378601661e+00
-1.162745847050754655e+01	9.779845436213992826e+00
-1.207500915096296268e+01	9.972650403555556764e+00
-1.252372290806035693e+01	1.016111085445267470e+01
-1.297358683268038604e+01	1.034524755295473497e+01
-1.342458801570370674e+01	1.052508126311111347e+01
-1.387671354801097579e+01	1.070063274897119499e+01
-1.432995052048285167e+01	1.087192277458436074e+01
-1.478428602399999647e+01	1.103897210399999729e+01
-1.523970714944307225e+01	1.120180150126748941e+01
-1.569620098769273220e+01	1.136043173043621479e+01
-1.615375462962963127e+01	1.151488355555555643e+01
-1.661235516613443153e+01	1.166517774067489910e+01
-1.707198968808778972e+01	1.181133504984362048e+01
-1.753264528637037145e+01	1.195337624711111246e+01
-1.799430905186282459e+01	1.209132209652674916e+01
-1.845696807544581830e+01	1.222519336213992069e+01
-1.892060944800000399e+01	1.235501080800000295e+01
-1.938522026040603663e+01	1.248079519815637717e+01
-1.985078760354457827e+01	1.260256729665843523e+01
-2.031729856829629810e+01	1.272034786755555658e+01
-2.078474024554184041e+01	1.283415767489712245e+01
-2.125309972616187082e+01	1.294401748273251229e+01
-2.172236410103703719e+01	1.304994805511111089e+01
-2.219252046104800868e+01	1.315197015608230302e+01
-2.266355589707544738e+01	1.325010454969547524e+01
-2.313545749999999757e+01	1.334437200000000168e+01
-2.360821236070233198e+01	1.343479327104526888e+01
-2.408180757006309847e+01	1.352138912688065986e+01
-2.455623021896295910e+01	1.360418033155555406e+01
-2.503146739828258305e+01	1.368318764911934338e+01
-2.550750619890260751e+01	1.375843184362140015e+01
-2.598433371170370165e+01	1.382993367911111093e+01
-2.646193702756653465e+01	1.389771391963786229e+01
-2.694030323737174371e+01	1.396179332925103012e+01
-2.741941943199999798e+01	1.402219267200000274e+01
-2.789927270233196310e+01	1.407893271193415785e+01
-2.837985013924828692e+01	1.413203421310288022e+01
-2.886113883362963151e+01	1.418151793955555640e+01
-2.934312587635665182e+01	1.422740465534156229e+01
-2.982579835831000992e+01	1.426971512451028801e+01
-3.030914337037037143e+01	1.430847011111111122e+01
-3.079314800341838065e+01	1.434369037919341672e+01
-3.127779934833470321e+01	1.437539669280658572e+01
-3.176308449600000472e+01	1.440360981600000123e+01
-3.224899053729492948e+01	1.442835051282304626e+01
-3.273550456310013601e+01	1.444963954732510203e+01
-3.322261366429630414e+01	1.446749768355555688e+01
-3.371030493176405685e+01	1.448194568556378492e+01
-3.419856545638408818e+01	1.449300431739917627e+01
-3.468738232903703533e+01	1.450069434311111038e+01
-3.517674264060357103e+01	1.450503652674897204e+01
-3.566663348196433958e+01	1.450605163236214068e+01
-3.615704194400000659e+01	1.450376042400000109e+01
-3.664795511759122348e+01	1.449818366571193451e+01
-3.713936009361866297e+01	1.448934212154732570e+01
-3.763124396296296936e+01	1.447725655555555591e+01
-3.812359381650480117e+01	1.446194773178600812e+01
-3.861639674512483111e+01	1.444343641428806535e+01
-3.910963983970370350e+01	1.442174336711111238e+01
-3.960331019112208395e+01	1.439688935430452688e+01
-4.009739489026063097e+01	1.436889513991769363e+01
-4.059188102800000308e+01	1.433778148800000096e+01
-4.108675569522085169e+01	1.430356916260082301e+01
-4.158200598280384241e+01	1.426627892776954631e+01
-4.207761898162962666e+01	1.422593154755555567e+01
-4.257358178257887715e+01	1.418254778600823052e+01
-4.306988147653223820e+01	1.413614840717695387e+01
-4.356650515437036830e+01	1.408675417511111050e+01
-4.406343990697393309e+01	1.403438585386007986e+01
-4.456067282522359818e+01	1.397906420747325029e+01
-4.505819100000000077e+01	1.392080999999999946e+01
-4.632156299999999760e+01	1.379955799999999932e+01
-4.751844200000000029e+01	1.361963500000000060e+01
-4.770508967214129825e+01	1.359393062266804186e+01
-4.790008188824142366e+01	1.356609723764060327e+01
-4.810319294781480437e+01	1.353612956537037171e+01
-4.831419715037586116e+01	1.350402232631001809e+01
-4.853286879543895083e+01	1.346977024091220798e+01
-4.875898218251852256e+01	1.343336802962963183e+01
-4.899231161112894739e+01	1.339481041291495345e+01
-4.923263138078463896e+01	1.335409211122085082e+01
-4.947971579100000383e+01	1.331120784500000198e+01
-4.973333914128943434e+01	1.326615233470507427e+01
-4.999327573116736545e+01	1.321892030078875102e+01
-5.025929986014815398e+01	1.316950646370370670e+01
-5.053118582774622070e+01	1.311790554390260510e+01
-5.080870793347599346e+01	1.306411226183813490e+01
-5.109164047685185039e+01	1.300812133796296166e+01
-5.137975775738819806e+01	1.294992749272976518e+01
-5.167283407459945010e+01	1.288952544659122168e+01
-5.197064372800002019e+01	1.282690992000000385e+01
-5.227296101710424381e+01	1.276207563340877904e+01
-5.257956024142662699e+01	1.269501730727023414e+01
-5.289021570048148391e+01	1.262572966203703650e+01
-5.320470169378327085e+01	1.255420741816186414e+01
-5.352279252084637307e+01	1.248044529609739506e+01
-5.384426248118520419e+01	1.240443801629630016e+01
-5.416888587431413526e+01	1.232618029921124858e+01
-5.449643699974759414e+01	1.224566686529492188e+01
-5.482669015699999449e+01	1.216289243499999806e+01
-5.515941964558572863e+01	1.207785172877914981e+01
-5.549439976501921734e+01	1.199053946708504803e+01
-5.583140481481481743e+01	1.190095037037037073e+01
-5.617020909448697097e+01	1.180907915908779238e+01
-5.651058690355006320e+01	1.171492055368998386e+01
-5.685231254151852198e+01	1.161846927462963031e+01
-5.719516030790671834e+01	1.151972004235939728e+01
-5.753890450222908726e+01	1.141866757733196280e+01
-5.788331942400000685e+01	1.131530659999999955e+01
-5.822817937273386946e+01	1.120963183081618197e+01
-5.857325864794512427e+01	1.110163799023319520e+01
-5.891833154914814941e+01	1.099131979870370301e+01
-5.926317237585735143e+01	1.087867197668038699e+01
-5.960755542758711556e+01	1.076368924461591448e+01
-5.995125500385185546e+01	1.064636632296296170e+01
-6.029404540416597769e+01	1.052669793217420846e+01
-6.063570092804389589e+01	1.040467879270233276e+01
-6.097599587499999529e+01	1.028030362499999839e+01
-6.131470454454869667e+01	1.015356714951988870e+01
-6.165160123620438526e+01	1.002446408671467637e+01
-6.198646024948147470e+01	9.892989157037035852e+00
-6.231905588389437867e+01	9.759137080939643383e+00
-6.264916243895747527e+01	9.622902578875169866e+00
-6.297655421418518529e+01	9.484280371296296863e+00
-6.330100550909190815e+01	9.343265178655691727e+00
-6.362229062319205042e+01	9.199851721406036020e+00
-6.394018385600000443e+01	9.054034720000000647e+00
-6.425445950703017672e+01	8.905808894890260063e+00
-6.456489187579697386e+01	8.755168966529492280e+00
-6.487125526181480950e+01	8.602109655370369978e+00
-6.517332396459806887e+01	8.446625681865567614e+00
-6.547087228366117984e+01	8.288711766467763198e+00
-6.576367451851851342e+01	8.128362629629627634e+00
-6.605150496868449750e+01	7.965572991803839820e+00
-6.633413793367351730e+01	7.800337573443072436e+00
-6.661134771300000068e+01	7.632651094999998165e+00
-6.688290860617831868e+01	7.462508276927297679e+00
-6.714859491272291336e+01	7.289903839677640995e+00
-6.740818093214815576e+01	7.114832503703702571e+00
-6.766144096396844532e+01	6.937288989458161304e+00
-6.790814930769820990e+01	6.757268017393689874e+00
-6.814808026285184894e+01	6.574764307962961851e+00
-6.838100812894376190e+01	6.389772581618655245e+00
-6.860670720548833401e+01	6.202287558813441848e+00
-6.882495179200000734e+01	6.012303959999999670e+00
-6.903551618799315293e+01	5.819816505631001391e+00
-6.923817469298217020e+01	5.624819916159120581e+00
-6.943270160648148703e+01	5.427308912037037025e+00
-6.961887122800548866e+01	5.227278213717420741e+00
-6.979645785706858874e+01	5.024722541652947960e+00
-6.996523579318518671e+01	4.819636616296295806e+00
-7.012497933586968202e+01	4.612015158100136958e+00
-7.027546278463648832e+01	4.401852887517144985e+00
-7.041646043900000507e+01	4.189144524999999675e+00
-7.054774659847461749e+01	3.973884791001371930e+00
-7.066909556257475344e+01	3.756068405973935320e+00
-7.078028163081482660e+01	3.535690090370369632e+00
-7.088107910270919376e+01	3.312744564643344880e+00
-7.097126227777229701e+01	3.087226549245540408e+00
-7.105060545551852158e+01	2.859130764629629340e+00
-7.111888293546226691e+01	2.628451931248283469e+00
-7.117586901711797509e+01	2.395184769554182580e+00
-7.122133800000000292e+01	2.159323999999999799e+00
-7.128000799999999515e+01	1.858147999999999911e+00
-7.128000799999999515e+01	8.998629999999999685e-01
-7.124443831121811854e+01	6.721094010891632831e-01
-7.119758994011519349e+01	4.467380353799724757e-01
-7.113968362955553459e+01	2.237466494074074053e-01
-7.107094012240328595e+01	3.132989706447196401e-03
-7.099158016152262007e+01	-2.151051971879287539e-01
-7.090182448977776630e+01	-4.309701647407405689e-01
-7.080189385003292557e+01	-6.444641664170096540e-01
-7.069200898515225617e+01	-8.555894556817560392e-01
-7.057239063800001588e+01	-1.064348286000000199e+00
-7.044325955144032037e+01	-1.270742910836763162e+00
-7.030483646833745581e+01	-1.474775583657064848e+00
-7.015734213155556631e+01	-1.676448557925925842e+00
-7.000099728395882437e+01	-1.875764087108367395e+00
-6.983602266841151618e+01	-2.072724424669410315e+00
-6.966263902777775741e+01	-2.267331824074074298e+00
-6.948106710492180582e+01	-2.459588538787380152e+00
-6.929152764270780551e+01	-2.649496822274348240e+00
-6.909424138400001425e+01	-2.837058928000001146e+00
-6.888942907166253349e+01	-3.022277109429355235e+00
-6.867731144855967784e+01	-3.205153620027435313e+00
-6.845810925755554877e+01	-3.385690713259259965e+00
-6.823204324151438982e+01	-3.563890642589849111e+00
-6.799933414330041614e+01	-3.739755661484225335e+00
-6.776020270577780025e+01	-3.913288023407408112e+00
-6.751486967181071464e+01	-4.084489981824417804e+00
-6.726355578426336024e+01	-4.253363790200274330e+00
-6.700648178599998062e+01	-4.419911701999998499e+00
-6.674386841988476249e+01	-4.584135970688614670e+00
-6.647593642878189257e+01	-4.746038849731139209e+00
-6.620290655555555759e+01	-4.905622592592592923e+00
-6.592499954306995846e+01	-5.062889452737997509e+00
-6.564243613418928192e+01	-5.217841683632372884e+00
-6.535543707177777151e+01	-5.370481538740741634e+00
-6.506422309869958553e+01	-5.520811271528121011e+00
-6.476901495781893914e+01	-5.668833135459533601e+00
-6.447003339200000482e+01	-5.814549384000000209e+00
-6.416749914410698352e+01	-5.957962270614539868e+00
-6.386163295700410458e+01	-6.099074048768175160e+00
-6.355265557355555472e+01	-6.237886971925926005e+00
-6.324078773662553488e+01	-6.374403293552813210e+00
-6.292625018907819623e+01	-6.508625267113855806e+00
-6.260926367377778945e+01	-6.640555146074073711e+00
-6.229004893358846573e+01	-6.770195183898490399e+00
-6.196882671137447574e+01	-6.897547634052126675e+00
-6.164581774999999908e+01	-7.022614750000000683e+00
-6.132124279232921538e+01	-7.145398785207133230e+00
-6.099532258122633266e+01	-7.265901993138546899e+00
-6.066827785955555896e+01	-7.384126627259258946e+00
-6.034032937018106679e+01	-7.500074941034294618e+00
-6.001169785596707840e+01	-7.613749187928670281e+00
-5.968260405977777339e+01	-7.725151621407406743e+00
-5.935326872447735980e+01	-7.834284494935528365e+00
-5.902391259293004566e+01	-7.941150061978052399e+00
-5.869475640800000349e+01	-8.045750575999999654e+00
-5.836602091255143421e+01	-8.148088290466393602e+00
-5.803792684944856006e+01	-8.248165458842251496e+00
-5.771069496155556067e+01	-8.345984334592591480e+00
-5.738454599173662274e+01	-8.441547171182442355e+00
-5.705970068285596142e+01	-8.534856222076816934e+00
-5.673637977777777763e+01	-8.625913740740740465e+00
-5.641480401936625810e+01	-8.714721980639231091e+00
-5.609519415048559665e+01	-8.801283195237310508e+00
-5.577777091400000131e+01	-8.885599638000002187e+00
-5.546275505277365880e+01	-8.967673562392318942e+00
-5.515036730967078427e+01	-9.047507221879287798e+00
-5.484082842755555731e+01	-9.125102869925928673e+00
-5.453435914929217176e+01	-9.200462759997257933e+00
-5.423118021774485698e+01	-9.273589145558297275e+00
-5.393151237577777124e+01	-9.344484280074073723e+00
-5.363557636625515102e+01	-9.413150417009603643e+00
-5.334359293204115460e+01	-9.479589809829905178e+00
-5.305578281600000423e+01	-9.543804712000000023e+00
-5.277236676099589374e+01	-9.605797376984911651e+00
-5.249356550989300985e+01	-9.665570058249658203e+00
-5.221959980555556058e+01	-9.723125009259259599e+00
-5.195069039084773976e+01	-9.778464483478739311e+00
-5.168705800863374833e+01	-9.831590734373115481e+00
-5.142892340177778010e+01	-9.882506015407408029e+00
-5.117650731314403600e+01	-9.931212580046640426e+00
-5.093003048559670276e+01	-9.977712681755830815e+00
-5.068971366200000261e+01	-1.002200857400000089e+01
-5.045577758521811518e+01	-1.006410251024417057e+01
-5.022844299811522717e+01	-1.010399674395336156e+01
-5.000793064355555373e+01	-1.014169352859259376e+01
-4.979446126440329579e+01	-1.017719511762688711e+01
-4.958825560352264006e+01	-1.021050376452126152e+01
-4.938953440377778037e+01	-1.024162172274074045e+01
-4.919851840803292475e+01	-1.027055124575034384e+01
-4.901542835915226703e+01	-1.029729458701508982e+01
-4.884048500000000104e+01	-1.032185400000000008e+01
-4.763969500000000323e+01	-1.050177700000000058e+01
-4.638023400000000152e+01	-1.068169999999999931e+01
-4.586993137307408830e+01	-1.074622788659945094e+01
-4.535989906459259657e+01	-1.080785234612894286e+01
-4.485014953299999974e+01	-1.086654987818518414e+01
-4.434069523674074986e+01	-1.092229698236488389e+01
-4.383154863425925640e+01	-1.097507015826474408e+01
-4.332272218400000696e+01	-1.102484590548148091e+01
-4.281422834440741809e+01	-1.107160072361179814e+01
-4.230607957392592766e+01	-1.111531111225240132e+01
-4.179828833100000196e+01	-1.115595357100000129e+01
-4.129086707407407175e+01	-1.119350459945130183e+01
-4.078382826159259622e+01	-1.122794069720301735e+01
-4.027718435199999902e+01	-1.125923836385185339e+01
-3.977094780374073935e+01	-1.128737409899451194e+01
-3.926513107525926216e+01	-1.131232440222770919e+01
-3.875974662499999823e+01	-1.133406577314814534e+01
-3.825480691140739964e+01	-1.135257471135253482e+01
-3.775032439292592557e+01	-1.136782771643758316e+01
-3.724631152800001388e+01	-1.137980128800000301e+01
-3.674278077507406692e+01	-1.138847192563648747e+01
-3.623974459259260072e+01	-1.139381612894376161e+01
-3.573721543899999631e+01	-1.139581039751851677e+01
-3.523520577274074128e+01	-1.139443123095747445e+01
-3.473372805225926641e+01	-1.138965512885733844e+01
-3.423279473600000955e+01	-1.138145859081481781e+01
-3.373241828240741569e+01	-1.136981811642661278e+01
-3.323261114992592269e+01	-1.135471020528943598e+01
-3.273338579699999684e+01	-1.133611135699999828e+01
-3.223475468207407602e+01	-1.131399807115500522e+01
-3.173673026359259808e+01	-1.128834684735116767e+01
-3.123932500000000090e+01	-1.125913418518518583e+01
-3.074255134974074011e+01	-1.122633658425377057e+01
-3.024642177125925357e+01	-1.118993054415363098e+01
-2.975094872299999693e+01	-1.114989256448147970e+01
-2.925614466340740805e+01	-1.110619914483402049e+01
-2.876202205092592834e+01	-1.105882678480795711e+01
-2.826859334399999923e+01	-1.100775198399999866e+01
-2.777587100107406570e+01	-1.095295124200685599e+01
-2.728386748059258693e+01	-1.089440105842523998e+01
-2.679259524099999723e+01	-1.083207793285185083e+01
-2.630206674074074513e+01	-1.076595836488340296e+01
-2.581229443825926495e+01	-1.069601885411659836e+01
-2.532329079200000166e+01	-1.062223590014814789e+01
-2.483506826040740378e+01	-1.054458600257475709e+01
-2.434763930192592341e+01	-1.046304566099314215e+01
-2.386101637500000194e+01	-1.037759137499999795e+01
-2.337521193807407016e+01	-1.028819964419204247e+01
-2.289023844959258724e+01	-1.019484696816597946e+01
-2.240610836799999817e+01	-1.009750984651851802e+01
-2.192283415174073724e+01	-9.996164778846363674e+00
-2.144042825925926010e+01	-9.890788264746225522e+00
-2.095890314899999751e+01	-9.781356803814816203e+00
-2.047827127940740510e+01	-9.667846895648834149e+00
-1.999854510892592430e+01	-9.550235039844993779e+00
-1.951973709600000362e+01	-9.428497736000000629e+00
-1.904185969907407383e+01	-9.302611483710562013e+00
-1.856492537659259412e+01	-9.172552782573388797e+00
-1.808894658700000235e+01	-9.038298132185184741e+00
-1.761393578874073640e+01	-8.899824032142660712e+00
-1.713990544025925544e+01	-8.757106982042522247e+00
-1.666686799999999735e+01	-8.610123481481480212e+00
-1.619483592640740710e+01	-8.458850030056240143e+00
-1.572382167792592433e+01	-8.303263127363511131e+00
-1.525383771299999580e+01	-8.143339272999998713e+00
-1.478489649007407181e+01	-7.979054966562414641e+00
-1.431701046759259555e+01	-7.810386707647462678e+00
-1.385019210399999956e+01	-7.637310995851851914e+00
-1.338445385774073948e+01	-7.459804330772289660e+00
-1.291980818725925850e+01	-7.277843212005486784e+00
-1.245626755099999805e+01	-7.091404139148147046e+00
-1.199384440740740843e+01	-6.900463611796981311e+00
-1.153255121492592217e+01	-6.704998129548696006e+00
-1.107240043199999846e+01	-6.504984191999999332e+00
-1.061340451707407340e+01	-6.300398298747599490e+00
-1.015557592859259017e+01	-6.091216949388201130e+00
-9.698927124999999094e+00	-5.877416643518517780e+00
-9.243470564740739803e+00	-5.658973880735253204e+00
-8.789218706259255498e+00	-5.435865160635115600e+00
-8.336184008000000034e+00	-5.208066982814814061e+00
-7.884378928407407727e+00	-4.975555846871056787e+00
-7.433815925925921775e+00	-4.738308252400546650e+00
-6.984507458999998697e+00	-4.496300698999999845e+00
-6.536465986074074586e+00	-4.249509686266118358e+00
-6.089703965592590862e+00	-3.997911713795609057e+00
-5.644233855999999605e+00	-3.741483281185185028e+00
-5.200068115740737795e+00	-3.480200888031548256e+00
-4.757219203259257512e+00	-3.214041033931411384e+00
-4.315699576999999287e+00	-2.942980218481481280e+00
-3.875521695407404099e+00	-2.666994941278461262e+00
-3.436698016925924470e+00	-2.386061701919066191e+00
-2.999241000000000046e+00	-2.100156999999999829e+00
-1.978374000000000077e+00	-1.380465000000000053e+00
-9.614179999999999948e-01	-7.194439999999999724e-01
7.784520000000000068e-04	2.480599999999999797e-04
